[0, 0, 1, 935, 420]
[0, 0, 0]
[0, 0, 0]
[0, 0, 1, 935, 725]
[0, 0, 0]
[0, 0, 0]
[0, 0, 0]
[0, 0, 0]
[0, 0, 0]
[0, 0, 0]
[0, 0, 1, 935, 420]
[0, 0, 0]
[0, 0, 0]
[0, 0, 0]
[0, 0, 1, 935, 420]
[0, 0, 0]
[0, 0, 0]
[0, 0, 0]
[0, 0, 0]
[0, 0, 0]
[0, 0, 0]
[0, 0, 0]
[0, 0, 0]
[0, 0, 0]
[0, 0, 0]
[0, 0, 0]
[0, 0, 0]
[0, 0, 0]
[0, 0, 1, 935, 420, 1]
[0, 0, 0]
[0, 0, 0]
[0, 0, 0]
[0, 0, 0]
[0, 0, 0]
[0, 0, 1, 935, 420]
[0, 0, 0]
[0, 0, 0]
[0, 0, 0]
[0, 0, 0]
[0, 0, 0]
[0, 0, 0]
[0, 0, 1, 935, 725]
[0, 0, 0]
[0, 0, 0]
[0, 0, 0]
[0, 0, 1, 935, 725]
[0, 0, 0]
[0, 0, 0]
[0, 0, 0]
[0, 0, 0]
